71, 86, 145, 136, 104, 277, 240, 145, 97, 0, 171, 283, 283, 0, 214, 166, 307, 259, 208, 43, 144, 286, 287, 126, 152, 254, 139, 255, 294, 293, 269, 283, 267, 221, 165, 266, 259, 220, 168, 0, 226, 337, 394, 224, 208, 340, 359, 259, 297, 325, 303, 302, 284, 287, 268, 199, 112, 179, 279, 270, 139, 72, 195, 345, 332, 151, 149, 230, 261, 186, 170, 236, 243, 265, 151, 201, 29, 125, 121, 35, 29, 80, 46, 36, 132, 52, 44, 63, 63, 46, 46, 40, 236
66, 82, 157, 184, 89, 157, 106, 165, 247, 231, 85, 0, 161, 298, 261, 89, 178, 157, 278, 167, 181, 164, 299, 325, 326, 244, 130, 108, 224, 315, 166, 293, 197, 164, 251, 0, 149, 190, 157, 260, 202, 156, 212, 187, 293, 146, 277, 334, 328, 226, 293, 298, 272, 326, 282, 248, 239, 218, 0, 152, 270, 282, 263, 166, 302, 248, 144, 0, 0, 0, 0, 0, 0, 0, 0, 0, 0, 0, 0, 0, 0, 0, 0, 0, 260, 201, 0, 0, 188, 300, 272, 204, 103, 132, 210, 74, 84, 75, 165, 15, 19, 119, 61, 33, 61, 37, 50, 47, 64, 57, 117, 40, 73, 59, 48, 175, 175, 175, 31, 31, 83
42, 46, 98, 120, 149, 106, 98, 165, 182, 236, 234, 175, 134, 214, 225, 226, 82, 0, 51, 176, 225, 216, 160, 18, 70, 213, 50, 33, 197, 282, 283, 279, 240, 240, 257, 282, 230, 243, 88, 238, 238, 219, 61, 184, 263, 271, 203, 153, 216, 227, 252, 225, 62, 144, 255, 248, 319, 291, 222, 279, 256, 286, 271, 316, 321, 289, 183, 46, 171, 258, 274, 222, 0, 3, 81, 142, 280, 300, 244, 188, 202, 230, 197, 139, 259, 290, 283, 66, 187, 187, 185
202, 162, 189, 222, 225, 134, 211, 219, 158, 158, 217, 263, 262, 160, 247, 251, 233, 198, 228, 239, 153, 228, 0, 0, 155, 179, 156, 256, 273, 0, 0, 168, 252, 278, 292, 212, 0, 141, 257, 326, 286, 213, 280, 271, 287, 332, 298, 318, 169, 147, 210, 0, 161, 220, 0, 132, 237, 168, 246, 0, 0, 127, 184, 264, 229, 146, 170, 284, 277, 157, 174, 128, 30, 102, 46, 64, 129, 33, 78, 34, 102, 91, 27, 69, 69, 69, 69, 69, 69, 69, 69, 69, 69, 69, 69, 69, 69, 69, 69, 69, 69, 69, 69, 69, 69, 69, 69, 69, 69, 69, 69, 69, 69, 69, 69, 69, 69, 69, 69, 168, 168, 39, 40, 40, 58
63, 31, 26, 64, 79, 90, 180, 138, 219, 99, 237, 284, 154, 4, 143, 266, 291, 118, 124, 226, 233, 241, 201, 214, 234, 219, 239, 246, 216, 185, 180, 254, 243, 250, 246, 172, 83, 226, 252, 68, 10, 96, 222, 271, 264, 221, 160, 238, 111, 141, 278, 270, 81, 48, 210, 293, 284, 209, 162, 67, 220, 238, 232, 253, 259, 251, 249, 216, 185, 222, 202, 49, 173, 222, 88, 90, 177, 264, 288, 220, 32, 0, 0, 66, 67, 102, 204, 208, 163, 56, 143, 196, 231, 106, 132, 136, 152, 204, 99, 133, 176, 277, 216
60, 78, 46, 65, 160, 147, 67, 154, 178, 49, 179, 250, 35, 112, 201, 222, 226, 205, 53, 103, 156, 173, 111, 256, 173, 116, 215, 107, 217, 235, 246, 252, 264, 125, 22, 13, 165, 279, 303, 294, 284, 243, 49, 188, 239, 16, 36, 149, 248, 269, 245, 0, 0, 19, 54, 187, 206, 62, 229, 284, 92, 78, 78, 198, 310, 306, 242, 222, 267, 336, 342, 358, 279, 4, 125, 286, 313, 197, 61, 149, 281, 298, 262, 193, 35, 117, 257, 272, 55, 85, 215, 269, 251, 205, 281, 148, 53, 130, 160, 154, 73, 108, 9, 25, 152, 274, 204, 204, 204, 204, 204, 204, 204, 204, 204
100, 94, 47, 74, 39, 70, 91, 122, 139, 89, 154, 189, 223, 212, 187, 200, 210, 209, 103, 146, 192, 120, 241, 253, 206, 187, 201, 232, 225, 180, 95, 142, 200, 220, 222, 151, 175, 212, 186, 149, 221, 115, 55, 186, 127, 150, 223, 206, 50, 82, 210, 235, 154, 239, 168, 126, 67, 188, 307, 327, 254, 215, 263, 255, 277, 301, 302, 309, 302, 258, 214, 255, 245, 194, 136, 212, 264, 263, 233, 52, 127, 206, 253, 190, 117, 123, 203, 267, 14, 171, 171, 171, 64, 48, 44, 54
162, 217, 220, 218, 205, 238, 288, 157, 209, 125, 154, 273, 295, 317, 0, 0, 230, 252, 110, 279, 305, 231, 379, 359, 316, 122, 270, 291, 275, 362, 364, 352, 127, 112, 305, 273, 200, 256, 172, 223, 97, 119, 113, 183, 183, 67, 67, 67, 67, 67, 67, 67, 67, 67, 67, 67, 67, 67, 67, 67, 67, 67, 67, 67, 67, 67, 67, 67, 67, 67, 67, 67, 67, 67, 67, 67, 67, 67, 67, 67, 67, 67, 67, 67, 67, 67, 67, 67, 67, 67, 67, 67, 67, 67, 67, 67, 67, 67, 67, 67, 67, 67, 67, 67, 67, 67, 67, 67, 67, 67, 67, 67, 67, 67, 67, 67, 67, 67, 67, 67, 67, 67, 67, 51, 51, 40
73, 145, 28, 43, 66, 34, 47, 136, 136, 63, 63, 49, 49, 106, 106, 155, 155, 155, 230, 230, 230, 205, 205, 205, 152, 152, 152, 190, 190, 190, 160, 160, 160, 233, 233, 233, 220, 220, 220, 239, 239, 239, 221, 221, 221, 203, 203, 203, 248, 248, 248, 171, 171, 171, 192, 192, 192, 311, 311, 311, 286, 286, 286, 108, 108, 108, 264, 264, 264, 220, 220, 220, 119, 119, 119, 204, 204, 204, 234, 234, 234, 107, 107, 107, 79, 79, 234, 234, 234, 234, 234, 105, 105, 105, 105, 106, 106, 10, 143
62, 85, 127, 105, 125, 90, 155, 140, 163, 201, 160, 0, 171, 241, 230, 141, 118, 189, 168, 237, 157, 173, 210, 261, 255, 269, 294, 262, 184, 278, 293, 178, 249, 226, 168, 246, 0, 173, 183, 191, 250, 171, 237, 189, 325, 253, 190, 295, 312, 290, 231, 165, 212, 227, 274, 285, 280, 287, 271, 110, 220, 274, 244, 208, 195, 267, 232, 224, 195, 177, 205, 189, 122, 0, 0, 148, 291, 299, 148, 0, 0, 160, 235, 286, 284, 189, 85, 114, 168, 140, 123, 0, 0, 124, 165, 20, 14, 52, 51, 35, 107, 56, 100, 41, 77, 32, 98, 81, 66, 153, 153, 49, 40, 47, 44, 42, 79
107, 111, 50, 33, 60, 75, 224, 224, 185, 56, 54, 87, 87, 15, 15, 77, 77, 77, 111, 111, 111, 165, 165, 165, 240, 240, 240, 110, 110, 110, 251, 251, 251, 194, 194, 194, 237, 237, 237, 192, 192, 192, 202, 202, 202, 125, 125, 125, 237, 237, 237, 242, 242, 242, 267, 267, 267, 291, 291, 291, 206, 206, 206, 293, 293, 293, 297, 297, 297, 161, 161, 161, 246, 246, 246, 258, 258, 258, 181, 181, 181, 138, 138, 138, 189, 189, 189, 165, 165, 15, 15, 129, 129, 129, 114, 114, 56, 80, 171, 213
104, 145, 124, 166, 194, 205, 188, 158, 107, 121, 91, 152, 218, 93, 100, 0, 167, 167, 250, 160, 144, 223, 215, 131, 114, 241, 206, 193, 0, 0, 169, 212, 192, 200, 257, 223, 198, 166, 135, 184, 105, 90, 151, 202, 192, 168, 177, 217, 168, 243, 211, 109, 161, 272, 287, 281, 248, 257, 166, 261, 250, 152, 238, 267, 190, 111, 0, 117, 138, 209, 182, 123, 58, 151, 222, 248, 218, 110, 0, 0, 111, 211, 61, 114, 83, 109, 26, 232, 232, 232, 232, 232, 232, 232, 232, 232, 96, 37, 110, 48, 34, 121, 121, 46, 33, 88, 64, 235, 183, 125, 220
242, 21, 66, 91, 91, 40, 40, 0, 92, 196, 143, 105, 221, 76, 252, 280, 131, 58, 168, 181, 256, 100, 72, 117, 210, 246, 238, 187, 208, 67, 164, 233, 218, 211, 222, 210, 128, 173, 208, 204, 208, 199, 211, 212, 105, 157, 250, 72, 119, 214, 120, 236, 281, 85, 43, 224, 191, 238, 246, 62, 72, 242, 350, 310, 257, 204, 217, 342, 336, 350, 341, 282, 194, 109, 152, 250, 154, 230, 78, 101, 210, 346, 359, 197, 236, 152, 157, 279, 285, 233, 79, 61, 43, 40, 70, 55, 76, 14, 57, 52, 50, 71
224, 224, 224, 224, 224, 141, 72, 81, 127, 81, 147, 116, 185, 220, 237, 172, 169, 192, 233, 249, 215, 85, 92, 127, 151, 228, 212, 200, 185, 181, 161, 155, 215, 223, 217, 189, 40, 150, 204, 212, 212, 214, 215, 215, 213, 152, 165, 180, 158, 232, 210, 64, 122, 207, 227, 259, 262, 202, 266, 292, 283, 268, 248, 266, 276, 282, 302, 318, 305, 251, 91, 123, 182, 226, 158, 210, 201, 151, 218, 221, 215, 117, 80, 19, 0, 67, 157, 137, 242, 225, 101, 214, 312, 290, 128, 98, 0, 0, 0, 0, 25, 43, 108, 155, 64, 64, 64, 75, 48, 43, 42, 49
195, 80, 227, 78, 20, 41, 109, 139, 139, 84, 147, 148, 180, 249, 182, 253, 248, 247, 211, 0, 12, 140, 187, 188, 285, 163, 214, 125, 230, 139, 232, 282, 288, 186, 159, 219, 240, 245, 236, 182, 226, 236, 228, 142, 216, 260, 273, 183, 60, 134, 178, 269, 266, 131, 70, 252, 329, 333, 249, 310, 331, 312, 320, 317, 306, 259, 94, 133, 230, 213, 168, 177, 130, 220, 264, 270, 177, 51, 133, 155, 260, 195, 37, 69, 330, 19, 48, 258, 258, 53, 31, 49, 35, 40, 22
0, 111, 162, 18, 67, 11, 48, 285, 184, 67, 92, 40, 144, 187, 139, 139, 164, 200, 280, 207, 86, 70, 179, 258, 221, 110, 16, 0, 201, 174, 256, 244, 144, 202, 210, 113, 242, 195, 241, 143, 0, 186, 295, 268, 155, 195, 176, 245, 65, 0, 187, 188, 106, 255, 245, 212, 253, 170, 270, 225, 127, 90, 204, 294, 318, 276, 284, 343, 326, 311, 320, 324, 333, 213, 86, 249, 250, 228, 132, 290, 257, 164, 36, 0, 0, 0, 0, 0, 24, 0, 0, 0, 0, 0, 0, 0, 0, 0, 0, 0, 0, 0, 0, 105, 59, 146, 240, 199, 58, 96, 184, 50, 91, 55, 86, 42, 32, 73, 32
53, 36, 51, 77, 77, 97, 70, 69, 47, 96, 103, 103, 108, 117, 133, 142, 148, 154, 126, 119, 114, 107, 130, 136, 139, 167, 151, 140, 97, 244, 319, 291, 261, 231, 203, 177, 155, 58, 110, 137, 137, 182, 284, 315, 239, 158, 162, 0, 161, 265, 181, 163, 215, 76, 177, 266, 94, 130, 246, 343, 351, 272, 80, 223, 334, 388, 414, 381, 299, 148, 268, 318, 282, 83, 288, 287, 245, 161, 207, 129, 191, 219, 0, 144, 40, 22, 76, 125, 125, 182, 182, 144, 144, 242, 242, 184, 184, 38, 36, 36, 161, 161, 161
0, 64, 109, 146, 150, 102, 174, 107, 133, 242, 226, 153, 0, 0, 0, 283, 149, 199, 168, 275, 162, 233, 234, 249, 251, 221, 0, 165, 270, 296, 181, 166, 185, 171, 166, 265, 155, 274, 305, 262, 184, 248, 160, 274, 165, 126, 172, 296, 348, 286, 204, 248, 301, 269, 313, 321, 309, 243, 158, 98, 126, 233, 239, 175, 0, 165, 243, 278, 196, 174, 172, 0, 0, 164, 208, 156, 159, 79, 130, 173, 171, 172, 206, 152, 0, 164, 239, 116, 161, 192, 89, 49, 73, 30, 133, 38, 121, 28, 130, 81, 104, 55, 74, 59, 83, 31, 103, 36, 131, 131, 131, 180
139, 123, 67, 35, 54, 84, 134, 167, 98, 79, 176, 97, 162, 230, 244, 159, 185, 285, 172, 182, 143, 234, 231, 125, 186, 166, 182, 197, 203, 195, 195, 197, 146, 71, 160, 194, 199, 199, 136, 131, 174, 191, 138, 164, 213, 118, 0, 0, 156, 198, 276, 298, 0, 0, 62, 200, 224, 144, 342, 120, 79, 269, 383, 357, 263, 116, 245, 329, 363, 357, 374, 331, 97, 151, 257, 160, 166, 234, 75, 93, 283, 380, 313, 0, 0, 54, 93, 264, 130, 216, 0, 73, 217, 169, 53, 32, 60, 53, 38, 49, 55, 46, 78, 67
78, 101, 83, 34, 132, 54, 51, 33, 157, 157, 62, 62, 126, 126, 126, 91, 91, 91, 140, 140, 140, 231, 231, 231, 197, 197, 197, 209, 209, 209, 203, 203, 203, 246, 246, 246, 126, 126, 126, 266, 266, 266, 217, 217, 217, 251, 251, 251, 242, 242, 242, 120, 120, 120, 208, 208, 208, 269, 269, 269, 198, 198, 198, 270, 270, 270, 319, 319, 319, 216, 216, 216, 236, 236, 236, 33, 33, 33, 0, 0, 0, 72, 72, 72, 144, 144, 144, 199, 199, 199, 178, 178, 178, 178, 178, 178, 22, 22, 75, 75, 89, 89, 140, 140, 140, 126, 103, 97, 17, 91, 15, 16
12, 0, 0, 15, 55, 53, 64, 85, 109, 154, 95, 52, 60, 132, 82, 210, 211, 174, 44, 179, 223, 229, 82, 10, 119, 196, 55, 160, 230, 179, 44, 85, 223, 75, 170, 145, 121, 212, 239, 239, 215, 85, 240, 310, 167, 122, 42, 189, 261, 248, 279, 35, 57, 223, 298, 309, 181, 0, 18, 56, 155, 226, 43, 178, 311, 129, 33, 18, 94, 283, 370, 298, 283, 375, 391, 385, 100, 88, 39, 61, 265, 65, 191, 275, 72, 217, 318, 292, 221, 4, 0, 15, 131, 258, 187, 139, 29, 91, 127, 263, 269, 98, 125, 125, 125, 345, 345
64, 37, 69, 142, 192, 117, 182, 168, 218, 211, 200, 0, 157, 253, 246, 141, 80, 106, 174, 159, 266, 207, 220, 78, 114, 225, 207, 247, 258, 245, 126, 162, 246, 138, 148, 205, 86, 184, 132, 141, 244, 254, 139, 0, 0, 144, 234, 255, 223, 206, 191, 238, 191, 268, 192, 64, 172, 232, 122, 247, 274, 254, 240, 301, 296, 283, 325, 321, 306, 183, 145, 249, 254, 275, 132, 0, 103, 186, 271, 298, 139, 115, 0, 0, 0, 148, 225, 235, 161, 107, 116, 150, 259, 171, 171, 143, 216, 201, 228, 194, 121, 69, 119, 203, 25, 162, 14, 73, 85, 62, 43
127, 129, 112, 85, 139, 166, 73, 204, 206, 87, 140, 109, 132, 202, 165, 101, 61, 162, 162, 312, 131, 155, 191, 176, 302, 350, 309, 0, 157, 259, 170, 249, 153, 276, 227, 183, 246, 280, 295, 276, 120, 142, 244, 170, 278, 271, 69, 176, 299, 349, 284, 277, 347, 305, 304, 333, 287, 248, 195, 98, 71, 174, 256, 82, 167, 172, 92, 197, 285, 136, 255, 167, 245, 163, 141, 125, 162, 0, 18, 28, 235, 143, 44, 56, 46, 22, 81, 112, 122, 122, 32, 59, 114, 114, 120, 120, 10
279, 17, 52, 48, 67, 141, 131, 131, 95, 157, 155, 196, 242, 219, 50, 172, 219, 243, 148, 74, 5, 105, 194, 68, 216, 224, 231, 61, 76, 228, 295, 306, 293, 260, 236, 279, 284, 232, 174, 75, 205, 103, 98, 232, 266, 257, 188, 60, 192, 228, 256, 236, 215, 23, 10, 100, 44, 132, 255, 290, 272, 216, 237, 281, 274, 272, 294, 189, 0, 41, 84, 65, 197, 247, 221, 121, 83, 138, 252, 223, 195, 135, 17, 0, 6, 15, 44, 121, 61, 206, 220, 148, 52, 164, 208, 248, 203, 179, 11, 0, 62, 112, 252, 307, 316, 168, 104, 87, 192, 148, 131, 91, 215, 215, 143, 126, 279, 279
