91,116,93,36,4136,135,160,48,16,2,2,30,70,48,317,364,263,108,303,352,264,317,315,320,124,252,334,341,32,369,498,14,109,2342,347,188,327,2452,229,359,345,358,395,391,380,419,395,130,311,392,446,366,403,107,312,99,328,416,371,102,289,201,310,388,395,307,193,365,366,303,246,374,409,247,174,362,262,253,226,338,179,329,446,157
124,153,142,100,165,51,585,2,72,51,237,165,355,250,46,19,242,2021,399,13,141,337,1568,263,193,384,495,61,1,200,419,219,98,265,291,232,274,63,355,157,387,293,368,382,388,416,395,205,360,442,371,194,382,213,326,78,179,385,386,246,99,319,173,402,229,351,374,96,331,322,202,699,139,234,367,306,131,33,370,323,37,288,376,247,375,1501,991,122
141,192,341,177,143,41,99,137,210,307,320,76,34,3,240,2106,1550,262,399,226,313,29,184,323,2421,351,2350,2353,195,409,441,2559,334,212,377,216,405,423,475,539,466,403,410,338,107,279,309,182,428,469,451,59,163,347,206,401,193,348,393,132,384,480,425,1358,2107,137,252,52,313,354,121,328,448,209,1952,1942,1200
127,118,164,138,148,111,1,584,0,1,585,15,242,152,154,321,224,68,0,57,2172,387,182,251,370,347,125,248,340,2259,204,282,378,179,306,373,343,181,309,115,322,256,350,440,385,311,198,417,444,453,137,384,106,334,347,123,290,150,286,407,287,46,128,334,452,193,265,432,208,212,421,408,441,428,222,406,264,163,170,480,383,420,196,301,345,106,132
144,3010,4293,85,152,1440,65,1,55,95,206,288,366,835,30,40,339,404,147,335,416,327,85,369,387,127,3,173,375,348,176,355,399,172,38,12,144,308,206,411,392,116,363,452,489,440,197,380,433,297,277,408,106,366,400,431,250,126,141,390,421,238,378,363,228,442,461,384,74,356,190,348,161,314,163,459,495,419,71,290,389,221
60,2800,2507,4110,111,106,150,72,10,94,162,2310,143,265,271,690,91,262,300,2105,139,302,362,334,134,326,359,247,2049,193,403,274,105,381,570,2485,402,479,177,449,483,539,438,386,484,386,370,321,288,255,151,380,343,274,598,368,428,441,446,122,107,378,482,407,150,389,465,332,127,364,227,282,442,327,206,378,229
143,130,121,122,106,1102,161,13,8,2,1370,0,2,2,79,107,317,435,240,958,962,208,79,334,104,21,53,46,177,417,442,200,373,404,206,294,321,164,2080,117,2537,341,371,2422,77,338,168,412,25,323,511,531,464,476,429,479,497,443,181,328,106,312,364,331,82,151,198,414,460,488,342,144,424,331,406,442,417,308,326,133,378,421,405,389,81,1492,1646,194
121,120,72,127,139,176,47,90,71,243,153,320,277,115,156,294,211,4095,370,414,2214,144,262,333,277,1543,103,387,381,105,327,373,336,172,383,401,72,174,419,6521,511,519,408,417,442,308,28,322,334,155,325,158,362,381,242,159,366,412,248,255,393,138,317,383,196,317,246,385,150,381,425,131,349,164,189,5,235,469,220,237,351,229
40,100,84,80,0,68,126,90,218,18,1,83,15,196,364,385,111,159,1992,1788,178,145,429,219,322,16,231,431,397,305,181,2387,125,2714,425,3448,119,346,155,386,413,397,408,391,3463,322,186,375,408,315,233,356,150,253,297,243,418,319,150,153,321,205,397,190,412,223,131,362,435,288,230,444,173,409,158,294,156,369,198,378,173,351,78,325,390,161
145,116,137,107,105,95,8,3,1269,0,585,120,241,305,276,214,975,108,269,2227,61,127,298,410,346,90,275,336,321,240,355,304,306,340,340,351,329,352,176,313,3228,317,346,389,365,329,220,418,427,344,205,371,116,261,69,127,303,333,198,320,101,340,343,347,346,333,196,315,311,188,338,341,332,143,321,329,253,240,381,366,377,364,347,1095,1259
113,1707,3008,21,175,164,1527,1281,13,0,2,77,173,379,347,149,173,278,276,192,253,366,177,260,50,60,62,376,420,135,114,283,365,52,120,80,383,2516,3560,2499,287,197,365,859,83,328,191,324,343,306,263,315,174,276,429,326,202,50,340,379,297,142,162,408,230,252,139,344,163,503,480,412,109,18,211,455,195,297,208,139,331,183,385,188,168,265,358,264,453,411,1060,387,219,8,154
84,78,20,3036,4228,147,73,32,5,6,2,63,124,241,291,294,132,114,271,316,215,222,508,311,196,311,367,405,367,272,13,277,438,434,396,145,255,348,321,327,307,334,330,357,261,4441,328,307,382,136,224,450,403,481,441,219,266,365,194,332,217,458,431,454,516,337,128,324,236,321,311,39,189,401,186,202,483,483,474,210
94,124,83,118,195,156,864,1647,1002,50,95,6,251,154,328,232,65,246,389,224,337,407,394,33,9,238,435,328,103,387,295,29,201,347,387,2626,151,316,191,369,10,31,347,428,445,347,255,421,48,218,1844,3306,475,414,165,378,165,422,237,186,133,175,307,266,197,315,602,122,289,362,185,431,216,334,452,180,287,84,167,359,128,2425,2959,3901,1394,1932
173,132,113,126,186,46,1,8,9,169,2396,330,307,120,236,206,376,362,368,354,219,1622,292,263,42,169,363,302,137,2483,346,344,198,327,189,570,1912,271,375,402,399,396,393,190,369,392,414,365,353,342,108,19,316,383,356,174,264,357,381,391,417,438,386,411,299,115,375,436,402,398,285,296,380,273,181,384,239,135
126,184,3023,4172,128,176,38,0,585,0,585,113,77,325,359,221,87,956,72,333,326,193,231,455,1996,59,473,261,440,2334,2259,204,2419,1497,1734,175,412,430,49,182,336,342,428,480,462,147,368,337,291,244,184,430,208,285,85,95,405,262,284,208,353,219,227,385,434,251,368,390,371,155,365,244,351,159,439,323,268,484,365,238,241,315,135
86,15,2990,4285,3165,4149,130,167,57,4,0,29,128,222,152,367,208,42,183,155,332,272,129,357,235,290,82,10,205,1691,366,80,341,408,148,245,365,318,2513,299,351,337,192,355,365,382,383,387,372,377,370,328,309,278,230,133,314,149,283,376,184,339,358,154,361,217,368,365,145,389,214,355,389,370,175,392,180,346,232,287,155,153,266,283,243,351,1619,178
163,141,89,1401,153,119,6,1,59,1537,257,291,280,184,26,136,226,402,104,137,282,298,397,241,398,359,81,2900,256,404,301,318,356,331,104,339,206,396,380,404,425,413,402,426,399,405,408,169,375,342,269,182,416,386,280,382,381,313,220,392,155,205,337,405,413,317,309,402,424,175,324,311,258,453,260,305,320,119,155
3018,4161,3296,166,105,0,1442,1370,1370,1,0,1,0,0,1,115,264,224,318,206,123,2889,2074,303,190,329,395,297,73,325,2457,262,2341,299,417,190,225,363,345,141,71,396,172,395,64,471,530,416,376,409,360,322,321,264,237,256,275,73,349,165,383,340,222,198,351,231,417,229,369,257,118,246,307,292,279,199,82,143,321,341,447,228,271,361,209,414,335,1355,1468,135,123
128,150,182,115,205,1316,2,1,0,584,0,3,11,1556,283,230,413,108,217,2153,2937,1981,317,355,325,1786,154,312,2433,208,292,361,375,328,325,199,109,290,201,371,186,363,445,461,417,470,221,394,448,307,213,330,243,278,281,323,336,247,188,234,305,343,335,320,301,113,191,419,225,364,292,247,291,516,379,239,405,301,456,234,290,1298,1203
109,136,152,162,170,99,10,1,2,0,54,147,194,126,276,271,131,291,316,78,111,313,356,368,92,196,369,183,265,198,442,212,41,186,335,205,356,98,90,321,457,892,376,435,409,368,492,426,434,492,429,394,157,340,175,348,409,303,186,358,328,277,289,294,155,80,285,393,466,292,86,401,439,213,236,287,365,267,427,298,1316,1446,1069
184,179,123,88,1480,8,1,2,1,585,1,1,94,242,287,291,255,144,199,275,307,94,262,337,357,147,115,347,345,183,33,318,207,255,292,319,350,235,316,344,323,95,310,341,338,348,342,401,391,414,398,309,367,346,328,320,326,226,146,125,121,243,352,361,362,373,205,79,279,350,376,361,361,376,283,219,219,260,278,1077,355,357,384,394,269
129,146,106,147,1126,1405,4,3,0,1475,59,194,278,308,214,78,90,275,313,206,112,270,336,340,149,240,309,297,67,195,299,288,121,304,305,364,142,126,299,409,224,115,397,437,466,491,417,4456,406,437,281,297,389,195,271,20,343,434,212,229,272,267,415,419,211,353,362,205,302,272,416,200,439,334,166,392,250,272,363,265,409,417,158
128,52,2987,4169,177,186,37,10,1,1,1,63,69,161,2279,2154,124,294,278,127,230,257,242,14,139,229,391,391,121,367,2406,239,278,353,284,138,414,192,333,253,234,362,186,326,558,605,631,415,1449,322,332,165,257,314,189,289,115,290,468,219,142,154,360,218,435,205,429,191,342,520,317,261,301,213,416,280,217,121,313,174,351,396,296,195,283
122,113,63,95,202,193,23,585,0,0,2,37,148,263,302,299,119,231,301,303,153,331,329,343,47,142,322,351,183,0,235,361,290,93,325,335,333,79,344,79,33,334,238,377,380,369,380,381,412,423,361,262,279,364,382,306,72,249,431,411,114,231,156,436,467,465,233,278,386,170,379,404,292,297,236,293,170,223,277,191,292,466,162,486,375,194
